  1       1  124      
  2       2  125      
  3       3  126      
  4       4  127      
  5       5  128      
  6       6  129     
  7       7  130     
  8       8  131      
  9       9  132      
 10      10  133      
 11      11  134    
 12      12  135    
 13      13  136    
 14      14  137    
 15      15  138    
 16      16  139    
 17      17  140    
 18      18  141    
 19      19  142    
 20      20  143    
 21       1  144    
 22       2  145    
 23       3  146    
 24      24  147    
 25       5  148    
 26      26  149    
 27      27  150    
 28      28  151    
 29       9  152    
 30      36  153    
 31      14  154    
 50      30   31     
 51      31   32     
 52      32   33     
 53      33   34     
 54      34   35     
 55      35   30     
 56      31   34     
 32       1  155    
 33       2  156    
 34      12  157    
 35      11  158    
 36       2  159    
 37       3  160    
 38      13  161    
 39      12  162    
 40       3  163    
 41       4  164    
 42      14  165    
 43      13  166    
 44       4  167    
 45       5  168    
 46      15  169    
 47      14  170    
 48       5  171    
 49       6  172    
 57      16  173    
 58      15  174    
 59       6  175    
 60       7  176    
 61      17  177    
 62      16  178    
 63       7  179    
 64       8  180    
 65      18  181    
 66      17  182    
 67       8  183    
 68       9  184    
 69      19  185    
 70      18  186    
 71       9  187    
 72      10  188    
 73      20  189    
 74      19  190    
 75      10  191    
 76       1  192    
 77      11  193    
 78      20  194    
 79      11  195    
 80      12  196    
 81      13  197    
 82      14  198    
 83      20  199    
 84      14  200    
 85      15  201    
 86      16  202    
 87      17  203    
 88      18  204    
 89      19  205    
 90      20  206    
 91      30   39     
 92      31   39     
 93      34   39     
 94      35   39     
 95      31   40     
 96      32   40     
 97      33   40     
 98      34   40     
 99      41  207      
100      42  208      
101      43  209      
102      44  210      
103      45  211      
104      46  212    
105      47  213    
106      48  214      
107      49  215      
108      50  216      
109      51  217     
110      52  218     
111      53  219     
112      54  220     
113      55  221     
114      56  222     
115      57  223     
116      58  224     
117      59  225     
118      60  226     
119      61  227     
120      62  228     
121      63  229     
122      64  230     
123      65  231     
124      66  232     
125      67  233     
126      68  234     
127      69  235     
128      70  236     
129      71  237     
130      72  238    
131      73  239    
132      74  240    
133      75  241    
134      76  242    
135      77  243    
136      78  244    
137      79  245    
138      80  246    
139      81  247    
140      82  248    
141      83  249    
142      84  250    
143      85  251    
144      86  252    
145      87  253    
146      88  254    
147      89  255    
148      90  256    
149      91  257    
150      92  258    
151      93  259    
152      94  260    
153      95  261    
154      96  262    
155      97  263    
156      98  264    
157      99  265    
158     100  266    
159     101  267    
160     102  268    
161     103  269    
162     104  270    
163     105  271    
164     106  272    
165     107  273    
166     108  274    
167     109  275    
168     110  276    
169     111  277    
170     112  278    
171     113  279    
172     114  280    
173     115  281    
174     116  282    
175     117  283    
176     118  284    
177     119  285    
178     120  286    
179     121  287    
180     122  288    
181     123  289    
182      61  290    
183      61  291    
184      72  292    
185      79  293    
186      62  294    
187      76  295    
188      83  296    
189      63  297    
190      80  298    
191      64  299    
192      87  300    
193      82  301    
194      65  302    
195      65  303    
196      88  304    
197      66  305    
198      95  306    
199      90  307    
200      67  308    
201      99  309    
202      94  310    
203      68  311    
204     103  312    
205      98  313    
206     107  314    
207      69  315    
208     104  316    
209      70  317    
210     111  318    
211     106  319    
212     116  320    
213      60  321    
214     112  322    
215     123  323    
216      71  324    
217     117  325    
218      41  326    
219      73  327    
220      41  328    
221      62  329    
222      74  330    
223      73  331    
224      51  332    
225      75  333    
226      74  334    
227      42  335    
228      77  336    
229      42  337    
230      63  338    
231      78  339    
232      63  340    
233      52  341    
234      79  342    
235      78  343    
236      43  344    
237      81  345    
238      80  346    
239      64  347    
240      81  348    
241      84  349    
242      53  350    
243      83  351    
244      82  352    
245      44  353    
246      85  354    
247      44  355    
248      65  356    
249      86  357    
250      85  358    
251      54  359    
252      87  360    
253      86  361    
254      45  362    
255      89  363    
256      45  364    
257      89  365    
258      89  366    
259      92  367    
260      55  368    
261      91  369    
262      90  370    
263      93  371    
264      93  372    
265      92  373    
266      67  374    
267      93  375    
268      96  376    
269      56  377    
270      95  378    
271      94  379    
272      47  380    
273      96  381    
274      96  382    
275      68  383    
276     100  384    
277     100  385    
278      57  386    
279      99  387    
280      98  388    
281      48  389    
282     101  390    
283      48  391    
284      69  392    
285     102  393    
286      69  394    
287      58  395    
288     103  396    
289     102  397    
290      49  398    
291     105  399    
292      49  400    
293      70  401    
294     105  402    
295     108  403    
296      59  404    
297     107  405    
298     106  406    
299      50  407    
300     109  408    
301     108  409    
302      61  410    
303     110  411    
304     109  412    
305      60  413    
306     111  414    
307     110  415    
308      51  416    
309     113  417    
310     112  418    
311      52  419    
312     114  420    
313     113  421    
314      53  422    
315     115  423    
316     114  424    
317      71  425    
318     116  426    
319     115  427    
320      54  428    
321     118  429    
322     117  430    
323      55  431    
324     119  432    
325     118  433    
326      56  434    
327     120  435    
328     119  436    
329      57  437    
330     121  438    
331     120  439    
332      58  440    
333     122  441    
334     121  442    
335      59  443    
336     123  444    
337     122  445    
338     124   41      
339     125   42      
340     126   43      
341     127   44      
342     128   45      
343     129   46    
344     130   47    
345     131   48      
346     132   49      
347     133   50      
348     134   51     
349     135   52     
350     136   53     
351     137   54     
352     138   55     
353     139   56     
354     140   57     
355     141   58     
356     142   59     
357     143   60     
358     144   61     
359     145   62     
360     146   63     
361     147   64     
362     148   65     
363     149   66     
364     150   67     
365     151   68     
366     152   69     
367     153   70     
368     154   71     
369     155   72    
370     156   73    
371     157   74    
372     158   75    
373     159   76    
374     160   77    
375     161   78    
376     162   79    
377     163   80    
378     164   81    
379     165   82    
380     166   83    
381     167   84    
382     168   85    
383     169   86    
384     170   87    
385     171   88    
386     172   89    
387     173   90    
388     174   91    
389     175   92    
390     176   93    
391     177   94    
392     178   95    
393     179   96    
394     180   97    
395     181   98    
396     182   99    
397     183  100    
398     184  101    
399     185  102    
400     186  103    
401     187  104    
402     188  105    
403     189  106    
404     190  107    
405     191  108    
406     192  109    
407     193  110    
408     194  111    
409     195  112    
410     196  113    
411     197  114    
412     198  115    
413     199  116    
414     200  117    
415     201  118    
416     202  119    
417     203  120    
418     204  121    
419     205  122    
420     206  123    
421     207    2      
422     208    3      
423     209    4      
424     210    5      
425     211    6      
426     212    7    
427     213    8    
428     214    9      
429     215   10      
430     216    1      
431     217   12     
432     218   13     
433     219   14     
434     220   15     
435     221   16     
436     222   17     
437     223   18     
438     224   19     
439     225   20     
440     226   11     
441     227   11     
442     228   12     
443     229   13     
444     230   23     
445     231   15     
446     232   25     
447     233   26     
448     234   27     
449     235   19     
450     236   29     
451     237   20     
452     238   21    
453     239   21    
454     240   21    
455     241   21    
456     242   22    
457     243   22    
458     244   22    
459     245   22    
460     246   23    
461     247   23    
462     248   23    
463     249   23    
464     250   24    
465     251   24    
466     252   24    
467     253   24    
468     254   25    
469     255   25    
470     256   25    
471     257   25    
472     258   26    
473     259   26    
474     260   26    
475     261   26    
476     262   27    
477     263   27    
478     264   27    
479     265   27    
480     266   28    
481     267   28    
482     268   28    
483     269   28    
484     270   29    
485     271   29    
486     272   29    
487     273   29    
488     274   36    
489     275   36    
490     276   36    
491     277   36    
492     278   37    
493     279   37    
494     280   37    
495     281   37    
496     282   37    
497     283   38    
498     284   38    
499     285   38    
500     286   38    
501     287   38    
502     288   38    
503     289   38    
504     290   21    
505     291   75    
506     292   61    
507     293   76    
508     294   79    
509     295   62    
510     296   80    
511     297   83    
512     298   63    
513     299   82    
514     300   64    
515     301   87    
516     302   25    
517     303   91    
518     304   65    
519     305   90    
520     306   66    
521     307   95    
522     308   94    
523     309   67    
524     310   99    
525     311   98    
526     312   68    
527     313  103    
528     314  104    
529     315  107    
530     316   69    
531     317  106    
532     318   70    
533     319  111    
534     320  112    
535     321  116    
536     322   60    
537     323  117    
538     324  123    
539     325   71    
540     326   72    
541     327   41    
542     328   21    
543     329   73    
544     330   62    
545     331   74    
546     332   74    
547     333   51    
548     334   75    
549     335   76    
550     336   42    
551     337   22    
552     338   77    
553     339   63    
554     340   22    
555     341   78    
556     342   52    
557     343   79    
558     344   80    
559     345   43    
560     346   81    
561     347   84    
562     348   64    
563     349   81    
564     350   82    
565     351   53    
566     352   83    
567     353   84    
568     354   44    
569     355   24    
570     356   85    
571     357   65    
572     358   86    
573     359   86    
574     360   54    
575     361   87    
576     362   88    
577     363   45    
578     364   25    
579     365   26    
580     366   66    
581     367   89    
582     368   90    
583     369   55    
584     370   91    
585     371    6    
586     372   46    
587     373   93    
588     374   96    
589     375   67    
590     376   93    
591     377   94    
592     378   56    
593     379   95    
594     380   96    
595     381    8    
596     382   97    
597     383  100    
598     384   27    
599     385   97    
600     386   98    
601     387   57    
602     388   99    
603     389  100    
604     390   48    
605     391   28    
606     392  101    
607     393   69    
608     394   28    
609     395  102    
610     396   58    
611     397  103    
612     398  104    
613     399   49    
614     400   29    
615     401  108    
616     402   70    
617     403  105    
618     404  106    
619     405   59    
620     406  107    
621     407  108    
622     408   50    
623     409  109    
624     410  109    
625     411   61    
626     412  110    
627     413  110    
628     414   60    
629     415  111    
630     416  112    
631     417   51    
632     418  113    
633     419  113    
634     420   52    
635     421  114    
636     422  114    
637     423   53    
638     424  115    
639     425  115    
640     426   71    
641     427  116    
642     428  117    
643     429   54    
644     430  118    
645     431  118    
646     432   55    
647     433  119    
648     434  119    
649     435   56    
650     436  120    
651     437  120    
652     438   57    
653     439  121    
654     440  121    
655     441   58    
656     442  122    
657     443  122    
658     444   59    
659     445  123    
660     290  238    
661     292  290    
662     238  292    
663     295  294    
664     293  295    
665     294  293    
666     298  297    
667     296  298    
668     297  296    
669     301  300    
670     299  301    
671     300  299    
672     302  254    
673     304  302    
674     254  304    
675     307  306    
676     305  307    
677     306  305    
678     310  309    
679     308  310    
680     309  308    
681     313  312    
682     311  313    
683     312  311    
684     316  315    
685     314  316    
686     315  314    
687     319  318    
688     317  319    
689     318  317    
690     322  321    
691     320  322    
692     321  320    
693     325  324    
694     323  325    
695     324  323    
696     328  239    
697     327  328    
698     239  327    
699     331  330    
700     329  331    
701     330  329    
702     334  333    
703     332  334    
704     333  332    
705     337  243    
706     336  337    
707     243  336    
708     340  244    
709     339  340    
710     244  339    
711     343  342    
712     341  343    
713     342  341    
714     346  345    
715     344  346    
716     345  344    
717     349  348    
718     347  349    
719     348  347    
720     352  351    
721     350  352    
722     351  350    
723     355  251    
724     354  355    
725     251  354    
726     358  357    
727     356  358    
728     357  356    
729     361  360    
730     359  361    
731     360  359    
732     364  255    
733     363  364    
734     255  363    
735     365  258    
736     367  365    
737     258  367    
738     370  369    
739     368  370    
740     369  368    
741     371  175    
742     373  371    
743     175  373    
744     376  375    
745     374  376    
746     375  374    
747     379  378    
748     377  379    
749     378  377    
750     380    8    
751     380  381    
752     213  380    
753     384  234    
754     383  384    
755     234  383    
756     388  387    
757     386  388    
758     387  386    
759     391  267    
760     390  391    
761     267  390    
762     394  268    
763     393  394    
764     268  393    
765     397  396    
766     395  397    
767     396  395    
768     400  271    
769     399  400    
770     400  105    
771     403  402    
772     401  403    
773     402  401    
774     406  405    
775     404  406    
776     405  404    
777     409  408    
778     407  409    
779     408  407    
780     412  411    
781     410  412    
782     411  410    
783     415  414    
784     413  415    
785     414  413    
786     418  417    
787     416  418    
788     417  416    
789     421  420    
790     419  421    
791     420  419    
792     424  423    
793     422  424    
794     423  422    
795     427  426    
796     425  427    
797     426  425    
798     430  429    
799     428  430    
800     429  428    
801     433  432    
802     431  433    
803     432  431    
804     436  435    
805     434  436    
806     435  434    
807     439  438    
808     437  439    
809     438  437    
810     442  441    
811     440  442    
812     441  440    
813     445  444    
814     443  445    
815     444  443    
816     290  291    
817     241  290    
818     291  241    
819     158  291    
820     227  158    
821     291  227    
822     144   72    
823     144  292    
824     155  144    
825     245  242    
826     293  245    
827     242  293    
828     162  294    
829     228  162    
830     294  228    
831     295  159    
832     145  295    
833     159  145    
834     249  246    
835     296  249    
836     246  296    
837     166  297    
838     229  166    
839     297  229    
840     298  163    
841     146  298    
842     163  146    
843     230  248    
844     299  230    
845     248  299    
846     147  300    
847     253  147    
848     300  253    
849     301  165    
850     170  301    
851     165  170    
852     302  303    
853     257  302    
854     303  257    
855     231   91    
856     231  174    
857     303  231    
858     148   88    
859     148  304    
860     171  148    
861     232  256    
862     305  232    
863     256  305    
864     149  306    
865     261  149    
866     306  261    
867     307  173    
868     178  307    
869     173  178    
870     233  260    
871     308  233    
872     260  308    
873     150  309    
874     265  150    
875     309  265    
876     310  177    
877     182  310    
878     177  182    
879     234  264    
880     311  234    
881     264  311    
882     151  312    
883     269  151    
884     312  269    
885     313  181    
886     186  313    
887     181  186    
888     273  270    
889     314  273    
890     270  314    
891     190  315    
892     235  190    
893     315  235    
894     316  187    
895     152  316    
896     187  152    
897     236  272    
898     317  236    
899     272  317    
900     153  318    
901     277  153    
902     318  277    
903     319  189    
904     194  319    
905     189  194    
906     282  278    
907     320  282    
908     278  320    
909     199  321    
910     143  199    
911     321  143    
912     322  195    
913     226  322    
914     195  226    
915     289  283    
916     323  289    
917     283  323    
918     206  324    
919     237  206    
920     324  237    
921     325  200    
922     154  325    
923     200  154    
924     124  155    
925     326  124    
926     124   72    
927     207  327    
928     156  207    
929     207   73    
930     328  326    
931     238  328    
932     326  238    
933     145  156    
934     329  145    
935     156  329    
936     228  330    
937     157  228    
938     330  157    
939     331  239    
940     240  331    
941     239  240    
942     217  157    
943     332  217    
944     157  332    
945     134  333    
946     158  134    
947     333  158    
948     334  240    
949     241  334    
950     240  241    
951     125  159    
952     335  125    
953     125   76    
954     208  336    
955     160  208    
956     208   77    
957     337  335    
958     242  337    
959     335  242    
960     146  160    
961     338  146    
962     146   77    
963     229  339    
964     161  229    
965     339  161    
966     340  338    
967     243  340    
968     338  243    
969     218  161    
970     341  218    
971     161  341    
972     135  342    
973     162  135    
974     342  162    
975     343  244    
976     245  343    
977     244  245    
978     126  163    
979     344  126    
980     163  344    
981     209  345    
982     164  209    
983     345  164    
984     346  246    
985     247  346    
986     246  247    
987     147  250    
988     347  147    
989     250  347    
990     230  348    
991     247  230    
992     348  247    
993     349  167    
994     164  349    
995     167  164    
996     219  165    
997     350  219    
998     165  350    
999     136  351    
1000     166  136    
1001     351  166    
1002     352  248    
1003     249  352    
1004     248  249    
1005     127  167    
1006     353  127    
1007     127   84    
1008     210  354    
1009     168  210    
1010     354  168    
1011     355  353    
1012     250  355    
1013     355   84    
1014     148  168    
1015     356  148    
1016     168  356    
1017     231  357    
1018     169  231    
1019     357  169    
1020     358  251    
1021     252  358    
1022     251  252    
1023     220  169    
1024     359  220    
1025     169  359    
1026     137  360    
1027     170  137    
1028     360  170    
1029     361  252    
1030     253  361    
1031     252  253    
1032     128  171    
1033     362  128    
1034     128   88    
1035     211  363    
1036     172  211    
1037     211   89    
1038     364  362    
1039     254  364    
1040     362  254    
1041     365  366    
1042     149  365    
1043     366  149    
1044     255   66    
1045     255  232    
1046     366  255    
1047     172   92    
1048     172  367    
1049     175  172    
1050     221  173    
1051     368  221    
1052     173  368    
1053     138  369    
1054     174  138    
1055     369  174    
1056     370  256    
1057     257  370    
1058     256  257    
1059     371  372    
1060     372    6    
1061     372  129    
1062     176   46    
1063     176  212    
1064     372  176    
1065     373  258    
1066     259  373    
1067     258  259    
1068     150  262    
1069     374  150    
1070     262  374    
1071     233  375    
1072     259  233    
1073     375  259    
1074     376  179    
1075     176  376    
1076     179  176    
1077     222  177    
1078     377  222    
1079     177  377    
1080     139  378    
1081     178  139    
1082     378  178    
1083     379  260    
1084     261  379    
1085     260  261    
1086     130  179    
1087     179   47    
1088     179  380    
1089     381  382    
1090     180  381    
1091     382  180    
1092     382  262    
1093     263  382    
1094     262  263    
1095     151  266    
1096     266   68    
1097     266  383    
1098     384  385    
1099     263  384    
1100     385  263    
1101     385  183    
1102     183   97    
1103     183  180    
1104     223  181    
1105     386  223    
1106     181  386    
1107     140  387    
1108     182  140    
1109     387  182    
1110     388  264    
1111     265  388    
1112     264  265    
1113     131  183    
1114     389  131    
1115     131  100    
1116     214  390    
1117     184  214    
1118     214  101    
1119     391  389    
1120     266  391    
1121     389  266    
1122     152  184    
1123     392  152    
1124     152  101    
1125     235  393    
1126     185  235    
1127     235  102    
1128     394  392    
1129     267  394    
1130     392  267    
1131     224  185    
1132     395  224    
1133     185  395    
1134     141  396    
1135     186  141    
1136     396  186    
1137     397  268    
1138     269  397    
1139     268  269    
1140     132  187    
1141     398  132    
1142     187  398    
1143     215  399    
1144     188  215    
1145     215  105    
1146     400  398    
1147     270  400    
1148     398  270    
1149     153  274    
1150     401  153    
1151     274  401    
1152     236  402    
1153     271  236    
1154     402  271    
1155     403  191    
1156     188  403    
1157     191  188    
1158     225  189    
1159     404  225    
1160     189  404    
1161     142  405    
1162     190  142    
1163     405  190    
1164     406  272    
1165     273  406    
1166     272  273    
1167     133  191    
1168     407  133    
1169     191  407    
1170     216  408    
1171     192  216    
1172     408  192    
1173     409  274    
1174     275  409    
1175     274  275    
1176     144  192    
1177     410  144    
1178     192  410    
1179     227  411    
1180     193  227    
1181     411  193    
1182     412  275    
1183     276  412    
1184     275  276    
1185     226  193    
1186     413  226    
1187     193  413    
1188     143  414    
1189     194  143    
1190     414  194    
1191     415  276    
1192     277  415    
1193     276  277    
1194     134  195    
1195     416  134    
1196     195  416    
1197     217  417    
1198     196  217    
1199     417  196    
1200     418  278    
1201     279  418    
1202     278  279    
1203     135  196    
1204     419  135    
1205     196  419    
1206     218  420    
1207     197  218    
1208     420  197    
1209     421  279    
1210     280  421    
1211     279  280    
1212     136  197    
1213     422  136    
1214     197  422    
1215     219  423    
1216     198  219    
1217     423  198    
1218     424  280    
1219     281  424    
1220     280  281    
1221     154  198    
1222     425  154    
1223     198  425    
1224     237  426    
1225     199  237    
1226     426  199    
1227     427  281    
1228     282  427    
1229     281  282    
1230     137  200    
1231     428  137    
1232     200  428    
1233     220  429    
1234     201  220    
1235     429  201    
1236     430  283    
1237     284  430    
1238     283  284    
1239     138  201    
1240     431  138    
1241     201  431    
1242     221  432    
1243     202  221    
1244     432  202    
1245     433  284    
1246     285  433    
1247     284  285    
1248     139  202    
1249     434  139    
1250     202  434    
1251     222  435    
1252     203  222    
1253     435  203    
1254     436  285    
1255     286  436    
1256     285  286    
1257     140  203    
1258     437  140    
1259     203  437    
1260     223  438    
1261     204  223    
1262     438  204    
1263     439  286    
1264     287  439    
1265     286  287    
1266     141  204    
1267     440  141    
1268     204  440    
1269     224  441    
1270     205  224    
1271     441  205    
1272     442  287    
1273     288  442    
1274     287  288    
1275     142  205    
1276     443  142    
1277     205  443    
1278     225  444    
1279     206  225    
1280     444  206    
1281     445  288    
1282     289  445    
1283     288  289    