  1  -0.000216886349024574 -0.000144993681952238                 0   
  2  -5.12243854552372e-020 -0.000206148896068101                 0   
  3  0.000216886349024574 -0.000144993681952238                 0   
  4  0.000394293245207824                 0                 0   
  5  0.000360125595435695 0.000366603481291589                 0   
  6             1e-005            0.0004                 0    
  7                  0            0.0004                 0    
  8            -1e-005            0.0004                 0    
  9  -0.000360125595435695 0.000366603481291589                 0   
 10  -0.000394293245207824                 0                 0   
 11  -0.000178478686467499 -0.000144310234530108 0.000223868955540969
 12  1.3560452147707e-020 -0.000211050075504374 0.000168593144697744
 13  0.000178478686467499 -0.000144310234530107 0.000223868955540969
 14  0.000162502315182371 4.70916543085072e-005 0.000371277576052971
 15  0.00026027594215274 0.000272833298418547 0.000272190070255144
 16  0.00012353596347098 0.000378648464157568 0.000245138700363417
 17  -8.05471336581857e-021 0.000392449698884474 0.000246477927109168
 18  -0.00012353596347098 0.000378648464157568 0.000245138700363417
 19  -0.00026027594215274 0.000272833298418547 0.000272190070255144
 20  -0.000162502315182371 4.70916543085072e-005 0.000371277576052971
 30              0.001           -0.0015                 0 
 31              0.001                 0                 0 
 32              0.001            0.0015                 0 
 33             -0.001            0.0015                 0 
 34             -0.001                 0                 0 
 35             -0.001           -0.0015                 0 
 21  -0.000123765197910148 -0.000202410672692986 8.42433459173994e-005
 22  0.000123765197910148 -0.000202410672692986 8.42433459173994e-005
 23  0.00031789421813227 -5.17154666933174e-005 0.000173649042438609
 24  0.000388942143880979 0.00014922731208938 0.000167557689628261
 25  0.000228192601330515 0.000416893181217664 0.000104273178395994
 26  6.45468827943148e-005 0.000434109591304588 0.000116767804920767
 27  -6.45468827943148e-005 0.000434109591304588 0.000116767804920767
 28  -0.000228192601330515 0.000416893181217664 0.000104273178395994
 29  -0.000388942143880979 0.00014922731208938 0.000167557689628261
 36  -0.00031789421813227 -5.17154666933175e-005 0.000173649042438609
 37  -8.97232724826277e-021 -0.000118709167762351 0.00031872929393689
 38  8.05898619689681e-021 0.00023809061977249 0.000383234216021523
 39                  0          -0.00075                 0 
 40                  0           0.00075                 0 
 41  -0.000111529752096574 -0.00019050795981046                 0  
 42  0.000111529752096574 -0.00019050795981046                 0  
 43  0.000314830927280948 -6.92217041869356e-005                 0  
 44  0.000444664642763391 0.000194914567669149                 0  
 45  0.000192714136607134 0.00045504049931558                 0  
 46             5e-006            0.0004                 0 
 47            -5e-006            0.0004                 0 
 48  -0.000192714136607134 0.00045504049931558                 0  
 49  -0.000444664642763391 0.000194914567669149                 0  
 50  -0.000314830927280948 -6.92217041869356e-005                 0  
 51  -8.797915580509e-005 -0.000189471392743622 0.000202283439519458
 52  8.797915580509e-005 -0.000189471392743622 0.000202283439519458
 53  0.000180608869486397 -6.73682557024065e-005 0.000309203962662874
 54  0.000221725453816926 0.000167448595871338 0.000342664522919954
 55  0.000185498249645456 0.000335620766014591 0.000269792636572605
 56  5.70828283685275e-005 0.000385841870732666 0.000253006102598023
 57  -5.70828283685275e-005 0.000385841870732666 0.000253006102598023
 58  -0.000185498249645456 0.000335620766014591 0.000269792636572605
 59  -0.000221725453816926 0.000167448595871338 0.000342664522919954
 60  -0.000180608869486397 -6.73682557024066e-005 0.000309203962662874
 61  -0.000213612498140461 -0.000161562310427328 0.000116141404367995
 62  -3.97278028475753e-021 -0.00022118794252313 8.35443036084748e-005
 63  0.000213612498140461 -0.000161562310427327 0.000116141404367995
 64  0.000357166471215917 3.71433262397868e-005 0.000192976136047216
 65  0.000327029653228147 0.000330870824774447 0.000144359843396806
 66  0.000140765410791032 0.000431788630161809 0.000116863476477873
 67  -9.37060389369137e-021 0.000432375872524061 0.000123313774593223
 68  -0.000140765410791032 0.000431788630161809 0.000116863476477873
 69  -0.000327029653228147 0.000330870824774447 0.000144359843396806
 70  -0.000357166471215917 3.71433262397868e-005 0.000192976136047216
 71  1.09121792737278e-020 4.2436488764669e-005 0.000402699672930917
 72  -0.000172587282576754 -0.000180048161349522 4.48991037275814e-005
 73  -5.91070170589404e-005 -0.000213134799774416 4.53117998977985e-005
 74  -6.52294510183511e-005 -0.000214068913607445 0.000125831581885263
 75  -0.000146868834499219 -0.0001868566740187 0.000152737062202127
 76  5.91070170589404e-005 -0.000213134799774416 4.53117998977985e-005
 77  0.000172587282576754 -0.000180048161349522 4.48991037275814e-005
 78  0.000146868834499219 -0.0001868566740187 0.000152737062202127
 79  6.52294510183511e-005 -0.000214068913607445 0.000125831581885263
 80  0.000284996091393152 -0.000112275628550867 8.84055911265144e-005
 81  0.000365181459452677 -2.57503221895028e-005 8.68816323315516e-005
 82  0.000265053418821065 -1.10040988160284e-005 0.000282540498032888
 83  0.000252357012001669 -0.000103824176420457 0.000204691151611693
 84  0.000417143744360164 8.49798115852417e-005 8.32673147012792e-005
 85  0.000394344452915721 0.00026290756233396 9.89680594049221e-005
 86  0.00033266807925765 0.000215229441198541 0.000233441998815105
 87  0.000294234859465302 9.29418403793967e-005 0.000291108256642647
 88  0.000296130561232388 0.000399798344345386 5.46543070385454e-005
 89  0.000121121111896216 0.000446566618194987 4.76889893802365e-005
 90  0.000177389120903644 0.000400555603975543 0.000181164486860515
 91  0.000254166235394457 0.000355291915153984 0.000195975353849533
 92  5.08868406460319e-005 0.000432644512248645 5.15819454121231e-005
 93  1.77311503592246e-005 0.000429680713770738 6.65116216604107e-005
 94  3.01853552427004e-005 0.000420346450181192 0.000183595523118743
 95  9.57811801569845e-005 0.000417183926273563 0.000180369248228915
 96  -1.77311503592248e-005 0.000429680713770738 6.65116216604108e-005
 97  -5.08868406460318e-005 0.000432644512248644 5.15819454121232e-005
 98  -9.57811801569845e-005 0.000417183926273563 0.000180369248228915
 99  -3.01853552427004e-005 0.000420346450181192 0.000183595523118743
100  -0.000121121111896216 0.000446566618194987 4.76889893802365e-005
101  -0.000296130561232388 0.000399798344345387 5.46543070385454e-005
102  -0.000254166235394457 0.000355291915153984 0.000195975353849533
103  -0.000177389120903644 0.000400555603975543 0.000181164486860515
104  -0.000394344452915721 0.00026290756233396 9.89680594049221e-005
105  -0.000417143744360164 8.49798115852417e-005 8.32673147012792e-005
106  -0.000294234859465302 9.29418403793967e-005 0.000291108256642647
107  -0.00033266807925765 0.000215229441198541 0.000233441998815105
108  -0.000365181459452677 -2.57503221895028e-005 8.68816323315516e-005
109  -0.000284996091393152 -0.000112275628550867 8.84055911265144e-005
110  -0.000252357012001669 -0.000103824176420457 0.000204691151611693
111  -0.000265053418821065 -1.10040988160284e-005 0.000282540498032888
112  -9.64832404058046e-005 -0.000138114515889377 0.000282819460412964
113  6.03088476545978e-021 -0.000178713965149159 0.000245018659324046
114  9.64832404058046e-005 -0.000138114515889377 0.000282819460412964
115  7.4103183741594e-005 -4.86104813134472e-005 0.000362181727708625
116  -7.4103183741594e-005 -4.86104813134472e-005 0.000362181727708625
117  8.2699381700261e-005 0.000146458693940432 0.000399260560662063
118  0.000141399351170815 0.000255639009168288 0.000349988052334339
119  7.7715579555971e-005 0.000322254678215654 0.000322968828524825
120  9.94005956605784e-022 0.000335154844055265 0.000319272536023327
121  -7.7715579555971e-005 0.000322254678215654 0.000322968828524825
122  -0.000141399351170815 0.000255639009168288 0.000349988052334339
123  -8.26993817002609e-005 0.000146458693940432 0.000399260560662063
124  -0.000165300210131996 -0.000171088532341237                 0   
125  5.61987607903741e-005 -0.000201999308297638                 0  
126  0.000267476289685456 -0.000109418132020434                 0  
127  0.000439816243087211 9.46008312636104e-005                 0  
128  0.000282526274238968 0.000422846250188846                 0  
129           7.5e-006            0.0004                 0 
130          -2.5e-006            0.0004                 0 
131  -9.34320628142461e-005 0.000451843886457704                 0  
132  -0.000414576699230739 0.000287018351939529                 0  
133  -0.000356084050367706 -3.00208011636095e-005                 0  
134  -0.000133568428664053 -0.000169779082768131 0.000214976751079335
135  4.31946249843039e-005 -0.000203431184317352 0.000185750163650574
136  0.000181700540964332 -0.000111366560018839 0.000267340448622698
137  0.000194537567776911 0.000108012440518755 0.00036286019700129
138  0.000222355033833776 0.000306674297463923 0.000274327756957187
139  8.97943191382077e-005 0.000383060169358637 0.000250013671148577
140  -2.70994216199982e-005 0.000389477556600917 0.000250765641115982
141  -0.000152449128036928 0.000360258313254338 0.000258440636093089
142  -0.000243714637503639 0.000223792522788603 0.000311485490076108
143  -0.000174130179301913 -1.48572452047071e-005 0.000344523245563254
144  -0.000219249235483105 -0.000158287154633941 5.86720338274653e-005
145  -2.60904084673357e-020 -0.000216782580311587 4.17325129453148e-005
146  0.000219249235483105 -0.000158287154633941 5.86720338274653e-005
147  0.00037479677971949 9.10526853544212e-005 0.000186548008472192
148  0.000347030107298392 0.000351643105185973 7.33487950052608e-005
149  0.000100907033264167 0.000434041359991573 0.000117204026255332
150  -3.07154523776801e-005 0.000432882343570168 0.000120674719862615
151  -0.000182423962218398 0.000426105525835848 0.000113813821508332
152  -0.000347030107298392 0.000351643105185973 7.33487950052609e-005
153  -0.000338799333557588 -1.09159226720354e-005 0.000186150660829167
154  8.27762800830842e-005 4.3316422509814e-005 0.000394668074551226
155  -0.000193970269435472 -0.000164828168190583 2.44007829416913e-005
156  -2.96991959781201e-005 -0.000211923278135191 2.49024132594849e-005
157  -3.38462399499647e-005 -0.000214645825757407 0.00014683803202116
158  -0.00016398209068687 -0.00016963459587432 0.000185935839437359
159  2.96991959781201e-005 -0.000211923278135191 2.49024132594849e-005
160  0.000193970269435472 -0.000164828168190583 2.44007829416913e-005
161  0.00016398209068687 -0.00016963459587432 0.000185935839437359
162  3.38462399499647e-005 -0.000214645825757407 0.00014683803202116
163  0.000255136546789389 -0.000132378070725246 4.43903635426046e-005
164  0.00038184074163776 -1.02840166205712e-005 4.25518632687944e-005
165  0.000220017507509976 1.57356440746121e-005 0.000330847132811615
166  0.000215991253191129 -0.000126142280228477 0.000215142096456116
167  0.000411439088708616 4.17446223739483e-005 4.1965066504141e-005
168  0.000385806630284338 0.00031355255024605 5.11587982879741e-005
169  0.000298607860805075 0.000246960889671617 0.000254443096623222
170  0.000233228699529106 6.87890250018253e-005 0.000336584713338427
171  0.000326913127407188 0.000385089235020254 2.88179209097043e-005
172  6.42290334094052e-005 0.000436617967272047 2.16655144727027e-005
173  0.000150023750870245 0.000390992397321741 0.000214216762142377
174  0.000257703699382109 0.000318344431022337 0.00023571951848644
175  3.08881044937804e-005 0.000421395094928172 2.62355990925941e-005
176  4.95837854173032e-006 0.000418880932177204 3.39748832145276e-005
177  1.4704072426289e-005 0.000408394993586408 0.000215554099336801
178  0.000110704057471623 0.000400859211430803 0.000212549807070987
179  -4.9583785417306e-006 0.000418880932177204 3.39748832145276e-005
180  -3.08881044937804e-005 0.000421395094928172 2.62355990925941e-005
181  -0.000110704057471622 0.000400859211430803 0.000212549807070987
182  -1.4704072426289e-005 0.000408394993586408 0.000215554099336801
183  -6.42290334094051e-005 0.000436617967272047 2.16655144727028e-005
184  -0.000326913127407188 0.000385089235020254 2.88179209097044e-005
185  -0.000257703699382109 0.000318344431022337 0.00023571951848644
186  -0.000150023750870245 0.000390992397321741 0.000214216762142377
187  -0.000385806630284338 0.00031355255024605 5.11587982879741e-005
188  -0.000411439088708616 4.17446223739483e-005 4.19650665041411e-005
189  -0.000233228699529106 6.87890250018253e-005 0.000336584713338427
190  -0.000298607860805075 0.000246960889671617 0.000254443096623222
191  -0.00038184074163776 -1.02840166205712e-005 4.25518632687944e-005
192  -0.000255136546789389 -0.000132378070725246 4.43903635426046e-005
193  -0.000215991253191129 -0.000126142280228477 0.000215142096456117
194  -0.000220017507509976 1.57356440746122e-005 0.000330847132811615
195  -0.000139749711648693 -0.00014330709576027 0.000255196244994196
196  8.00456557142926e-021 -0.000198140566925727 0.000206236498576379
197  0.000139749711648693 -0.00014330709576027 0.000255196244994196
198  0.000117338517283239 -3.87090265639483e-006 0.000372065982473199
199  -0.000117338517283239 -3.87090265639479e-006 0.000372065982473199
200  0.000123799192665517 9.68335050765034e-005 0.000391049395870527
201  0.000204350376713975 0.000265333316377 0.000315392429154746
202  0.000103523833898297 0.000354821221151357 0.000283752179716124
203  -1.87691450152443e-021 0.000368839026249657 0.000281921883284703
204  -0.000103523833898297 0.000354821221151357 0.000283752179716124
205  -0.000204350376713975 0.000265333316377 0.000315392429154746
206  -0.000123799192665517 9.68335050765034e-005 0.000391049395870527
207  -5.61987607903742e-005 -0.000201999308297638                 0  
208  0.000165300210131996 -0.000171088532341237                 0  
209  0.000356084050367706 -3.00208011636095e-005                 0  
210  0.000414576699230739 0.000287018351939529                 0  
211  9.34320628142461e-005 0.000451843886457704                 0  
212           2.5e-006            0.0004                 0 
213          -7.5e-006            0.0004                 0 
214  -0.000282526274238968 0.000422846250188846                 0  
215  -0.000439816243087211 9.46008312636104e-005                 0  
216  -0.000267476289685456 -0.000109418132020434                 0  
217  -4.31946249843039e-005 -0.000203431184317352 0.000185750163650574
218  0.000133568428664053 -0.000169779082768131 0.000214976751079335
219  0.000174130179301913 -1.48572452047071e-005 0.000344523245563254
220  0.000243714637503639 0.000223792522788603 0.000311485490076108
221  0.000152449128036928 0.000360258313254338 0.000258440636093089
222  2.70994216199981e-005 0.000389477556600917 0.000250765641115982
223  -8.97943191382077e-005 0.000383060169358637 0.000250013671148577
224  -0.000222355033833776 0.000306674297463923 0.000274327756957187
225  -0.000194537567776911 0.000108012440518755 0.00036286019700129
226  -0.000181700540964332 -0.000111366560018839 0.000267340448622698
227  -0.000199774885049045 -0.000156462534642043 0.000171735118948594
228  1.57558285785655e-020 -0.000219374501973764 0.000125429315825086
229  0.000199774885049045 -0.000156462534642043 0.000171735118948594
230  0.000338799333557588 -1.09159226720354e-005 0.000186150660829167
231  0.000297363275065039 0.000305141315214306 0.000211788198641079
232  0.000182423962218398 0.000426105525835848 0.000113813821508332
233  3.07154523776801e-005 0.000432882343570168 0.000120674719862615
234  -0.000100907033264167 0.000434041359991573 0.000117204026255332
235  -0.000297363275065039 0.000305141315214306 0.000211788198641079
236  -0.00037479677971949 9.10526853544212e-005 0.000186548008472192
237  -8.27762800830842e-005 4.3316422509814e-005 0.000394668074551226
238  -0.000148651298502125 -0.000192663998833034 6.49511978977291e-005
239  -9.09946445476008e-005 -0.00020987388298605 6.47689319650824e-005
240  -9.49503906015466e-005 -0.000209976853019517 0.000104579540166657
241  -0.000136762121543764 -0.00019668323377822 0.000118489447713688
242  9.09946445476008e-005 -0.00020987388298605 6.47689319650824e-005
243  0.000148651298502125 -0.000192663998833034 6.49511978977291e-005
244  0.000136762121543764 -0.00019668323377822 0.000118489447713688
245  9.49503906015466e-005 -0.000209976853019517 0.000104579540166657
246  0.000306227933316182 -8.49378338398407e-005 0.000131983130240884
247  0.000342919434697725 -4.17622652092435e-005 0.000130607929260052
248  0.000297645616606575 -3.44698294605722e-005 0.000228285758333559
249  0.000286897243813462 -7.90502664425827e-005 0.000189932407365789
250  0.000404823244235472 0.000114591846408824 0.000129787571827245
251  0.000398316511002915 0.000207172243721972 0.000133461456786369
252  0.000363343518952779 0.000181858951938513 0.000204502322006542
253  0.000347032531792188 0.000120059009255719 0.000233900091326355
254  0.000262199238118248 0.000410399097576417 8.01761293861267e-005
255  0.000174452724879404 0.000438951172461759 7.68918773376779e-005
256  0.000202657427539311 0.000409431950457708 0.000144322926210397
257  0.000243955346636107 0.000388633788239325 0.000151628831305005
258  5.92791395386442e-005 0.000435491566927163 8.2524371228583e-005
259  3.75395350237042e-005 0.000433811673989471 9.20983847280921e-005
260  4.63043389329254e-005 0.000428719016986929 0.00015055811706564
261  7.95130751542462e-005 0.000428181441839183 0.000148615916003411
262  -3.75395350237043e-005 0.000433811673989471 9.20983847280921e-005
263  -5.92791395386442e-005 0.000435491566927163 8.25243712285831e-005
264  -7.95130751542462e-005 0.000428181441839183 0.000148615916003411
265  -4.63043389329254e-005 0.000428719016986929 0.00015055811706564
266  -0.000174452724879404 0.000438951172461759 7.68918773376779e-005
267  -0.000262199238118248 0.000410399097576417 8.01761293861267e-005
268  -0.000243955346636107 0.000388633788239325 0.000151628831305005
269  -0.000202657427539311 0.000409431950457708 0.000144322926210397
270  -0.000398316511002915 0.000207172243721972 0.000133461456786369
271  -0.000404823244235472 0.000114591846408824 0.000129787571827245
272  -0.000347032531792188 0.000120059009255719 0.000233900091326355
273  -0.000363343518952779 0.000181858951938513 0.000204502322006542
274  -0.000342919434697725 -4.17622652092436e-005 0.000130607929260053
275  -0.000306227933316182 -8.49378338398407e-005 0.000131983130240884
276  -0.000286897243813462 -7.90502664425827e-005 0.000189932407365789
277  -0.000297645616606575 -3.44698294605722e-005 0.000228285758333559
278  -4.8537776295251e-005 -0.000130749869630812 0.000303516198351204
279  1.27255142392748e-021 -0.000152220958468374 0.000283239619996226
280  4.8537776295251e-005 -0.000130749869630812 0.000303516198351204
281  3.50604305215127e-005 -8.80101640967596e-005 0.000342824426852927
282  -3.50604305215127e-005 -8.80101640967596e-005 0.000342824426852927
283  4.13840446950156e-005 0.000194685798881523 0.00039604974793606
284  7.24239656838073e-005 0.000247712802985508 0.000372429010115523
285  4.29421536216427e-005 0.000284138258867336 0.000356650080448397
286  1.11605829411543e-020 0.000292781368030235 0.000353242797785007
287  -4.29421536216427e-005 0.000284138258867336 0.000356650080448397
288  -7.24239656838073e-005 0.000247712802985508 0.000372429010115523
289  -4.13840446950156e-005 0.000194685798881523 0.00039604974793606
290  -0.000167749986420658 -0.000185892233165402 0.000100014955379209
291  -0.000178969456790949 -0.000176582162347727 0.000136667836299944
292  -0.000190541825303962 -0.000175046160753016 7.92857903010459e-005
293  6.20442131075908e-005 -0.000216547029286381 8.56696017838711e-005
294  3.1851181618337e-005 -0.000219787019001405 0.000104854560868204
295  2.98161665062144e-005 -0.000218842370639209 6.43381646395101e-005
296  0.000271630676040887 -0.000113456686594176 0.000146535895376068
297  0.000235699811300517 -0.00013750790654294 0.000159700906272882
298  0.000248941764929995 -0.000139819298432585 0.000101822232001576
299  0.000314837677860737 1.13227174126229e-005 0.000240750428678909
300  0.000331268165977446 6.4003569374317e-005 0.000244016072041002
301  0.000279759338990624 3.86307654872357e-005 0.000292015555644413
302  0.000280094366535779 0.000380258430094535 0.00012693552596741
303  0.000288019281572909 0.000348649334905222 0.000169246545310165
304  0.000310988872373493 0.000370801537729483 9.9720173324917e-005
305  0.000158819898649551 0.000419212565523889 0.000148534344003442
306  0.000117062309268759 0.000425213719143579 0.000149361090595585
307  0.000135190004417806 0.000411116493091309 0.000180823741446698
308  1.52006828193015e-005 0.000428635328945881 0.000152292417201123
309  -1.52006828193015e-005 0.000428635328945881 0.000152292417201123
310  8.51311770632336e-021 0.000420663847580636 0.000183825655219646
311  -0.000117062309268759 0.000425213719143579 0.000149361090595585
312  -0.000158819898649551 0.000419212565523889 0.000148534344003442
313  -0.000135190004417806 0.000411116493091309 0.000180823741446698
314  -0.000368432588771966 0.000242179455625346 0.000168480082078791
315  -0.000335312868119739 0.000276547661627268 0.000191740141170692
316  -0.000363545167303276 0.000300090788449822 0.00012296594150164
317  -0.000331268165977446 6.4003569374317e-005 0.000244016072041002
318  -0.000314837677860737 1.13227174126229e-005 0.000240750428678909
319  -0.000279759338990624 3.86307654872357e-005 0.000292015555644414
320  -8.85917952105095e-005 -9.80631809165123e-005 0.000325049749206978
321  -0.000130548781930389 -5.93513791909204e-005 0.000339363831851972
322  -0.000138890369872805 -0.000105911877091787 0.000299019463486084
323  1.0946462153245e-020 0.000145753052818245 0.000407293345581266
324  -4.20361309290775e-005 9.39519241153305e-005 0.000407006283741855
325  4.20361309290775e-005 9.39519241153305e-005 0.000407006283741855
326  -0.000141823343997941 -0.000187825427161862 2.43331688149481e-005
327  -8.58836304917345e-005 -0.000203981931347791 2.51383369121944e-005
328  -0.000117047726569502 -0.000200066559612708 4.23566174189403e-005
329  -2.98161665062144e-005 -0.000218842370639209 6.43381646395102e-005
330  -3.1851181618337e-005 -0.000219787019001405 0.000104854560868204
331  -6.20442131075908e-005 -0.000216547029286381 8.56696017838711e-005
332  -7.66538361615897e-005 -0.000205019374655579 0.000163079636391174
333  -0.000119700734066806 -0.000189898677901981 0.00017710632918101
334  -0.000106541471526083 -0.000203038790799441 0.000139950186550374
335  8.58836304917345e-005 -0.000203981931347791 2.51383369121944e-005
336  0.000141823343997941 -0.000187825427161862 2.43331688149481e-005
337  0.000117047726569502 -0.000200066559612708 4.23566174189402e-005
338  0.000190541825303962 -0.000175046160753016 7.92857903010458e-005
339  0.000178969456790949 -0.000176582162347727 0.000136667836299943
340  0.000167749986420658 -0.000185892233165402 0.000100014955379209
341  0.000119700734066806 -0.000189898677901981 0.00017710632918101
342  7.66538361615897e-005 -0.000205019374655579 0.000163079636391174
343  0.000106541471526083 -0.000203038790799441 0.000139950186550374
344  0.000301758526007723 -9.463878826355e-005 4.3567825792212e-005
345  0.000344537420026756 -5.29896616978093e-005 4.35569895896213e-005
346  0.00032717537624292 -7.19312898506234e-005 8.71214402794228e-005
347  0.000389018369515615 5.63139272422626e-005 0.000140375716375231
348  0.000368432167707732 4.39194628512021e-006 0.000139132015162382
349  0.000393339516497303 2.38137365040247e-005 9.04903389016015e-005
350  0.00022364283260872 -4.05157963840291e-005 0.000299166642747957
351  0.00022142481685226 -8.84176626469618e-005 0.000260032048657913
352  0.000260970599537495 -6.20380083090869e-005 0.000247075049801596
353  0.00043439930113046 0.000136940944349754 4.40212741366972e-005
354  0.000422157672384486 0.000234635408722351 5.28907481967867e-005
355  0.000423009704249447 0.00016967731479212 8.74157030401096e-005
356  0.000363545167303276 0.000300090788449822 0.00012296594150164
357  0.000335312868119739 0.000276547661627268 0.000191740141170692
358  0.000368432588771966 0.000242179455625346 0.000168480082078791
359  0.000282504151719748 0.000190568479844236 0.000293188388187668
360  0.00026076109702473 0.000129917389772531 0.00032079462030289
361  0.000317299329592127 0.000154449563488938 0.000267599836707051
362  0.000246438800237459 0.000431250364012046 3.03470074795582e-005
363  0.000158868085994416 0.000450506388992305 2.83457404858162e-005
364  0.000210093559246494 0.000438229979365281 5.21446776533993e-005
365  9.23843894949418e-005 0.000438346071133452 8.40505479966065e-005
366  0.000129702276579421 0.000439392063635093 8.55332368725662e-005
367  8.22547103842005e-005 0.000438936144569319 5.43471548803563e-005
368  0.000184368955917105 0.000372357501007814 0.000225111090809753
369  0.00022066191350101 0.000348269398361371 0.000232814936038386
370  0.000214358384958323 0.000382354384661678 0.000188870396032294
371  1.70055900765967e-005 0.000420076172761749 3.24163847119868e-005
372  1.05781400802312e-005 0.000415779152038238 2.90109370127367e-005
373  3.26585457214986e-005 0.000429986841762509 5.89536997103047e-005
374  -1.15599528682361e-005 0.000432720015858875 9.44222416179539e-005
375  1.1559952868236e-005 0.000432720015858875 9.44222416179539e-005
376  -7.44832249429371e-020 0.00042823408624604 6.37214658124581e-005
377  4.4372755870299e-005 0.000406539377856877 0.000217094518030714
378  7.60564893310948e-005 0.000404308549289795 0.000215937216459597
379  6.16675440223543e-005 0.000419308709493886 0.00018259966154924
380  -1.05781400802313e-005 0.000415779152038238 2.90109370127367e-005
381  -1.70055900765967e-005 0.000420076172761749 3.24163847119868e-005
382  -3.26585457214986e-005 0.000429986841762509 5.89536997103047e-005
383  -0.000129702276579421 0.000439392063635093 8.55332368725662e-005
384  -9.23843894949418e-005 0.000438346071133452 8.40505479966065e-005
385  -8.22547103842003e-005 0.000438936144569319 5.43471548803564e-005
386  -7.60564893310948e-005 0.000404308549289795 0.000215937216459597
387  -4.4372755870299e-005 0.000406539377856877 0.000217094518030714
388  -6.16675440223542e-005 0.000419308709493886 0.00018259966154924
389  -0.000158868085994416 0.000450506388992305 2.83457404858162e-005
390  -0.000246438800237459 0.000431250364012046 3.03470074795582e-005
391  -0.000210093559246494 0.000438229979365281 5.21446776533993e-005
392  -0.000310988872373493 0.000370801537729483 9.9720173324917e-005
393  -0.000288019281572909 0.000348649334905222 0.000169246545310165
394  -0.000280094366535779 0.000380258430094535 0.00012693552596741
395  -0.00022066191350101 0.000348269398361371 0.000232814936038386
396  -0.000184368955917105 0.000372357501007814 0.000225111090809753
397  -0.000214358384958323 0.000382354384661678 0.000188870396032294
398  -0.000422157672384486 0.000234635408722351 5.28907481967867e-005
399  -0.00043439930113046 0.000136940944349754 4.40212741366972e-005
400  -0.000423009704249447 0.00016967731479212 8.74157030401096e-005
401  -0.000368432167707732 4.39194628512022e-006 0.000139132015162382
402  -0.000389018369515615 5.63139272422625e-005 0.000140375716375231
403  -0.000393339516497303 2.38137365040248e-005 9.04903389016015e-005
404  -0.00026076109702473 0.000129917389772531 0.00032079462030289
405  -0.000282504151719748 0.000190568479844236 0.000293188388187668
406  -0.000317299329592127 0.000154449563488938 0.000267599836707051
407  -0.000344537420026756 -5.29896616978093e-005 4.35569895896213e-005
408  -0.000301758526007723 -9.46387882635501e-005 4.35678257922121e-005
409  -0.00032717537624292 -7.19312898506234e-005 8.71214402794228e-005
410  -0.000248941764929995 -0.000139819298432585 0.000101822232001577
411  -0.000235699811300517 -0.00013750790654294 0.000159700906272882
412  -0.000271630676040887 -0.000113456686594176 0.000146535895376068
413  -0.00022142481685226 -8.84176626469618e-005 0.000260032048657913
414  -0.00022364283260872 -4.05157963840291e-005 0.000299166642747957
415  -0.000260970599537495 -6.2038008309087e-005 0.000247075049801596
416  -9.31080598875122e-005 -0.000168275556093808 0.00024187119958664
417  -4.58562141794862e-005 -0.000186964387960996 0.000224502769590012
418  -4.8336517568678e-005 -0.000162837492857358 0.000264497827863456
419  4.58562141794862e-005 -0.000186964387960996 0.000224502769590012
420  9.31080598875122e-005 -0.000168275556093808 0.00024187119958664
421  4.8336517568678e-005 -0.000162837492857358 0.000264497827863456
422  0.000138890369872805 -0.000105911877091787 0.000299019463486084
423  0.000130548781930389 -5.93513791909204e-005 0.000339363831851972
424  8.85917952105095e-005 -9.80631809165123e-005 0.000325049749206978
425  3.95648089058225e-005 -5.80793631561527e-006 0.00038698299983148
426  -3.95648089058225e-005 -5.80793631561529e-006 0.00038698299983148
427  -2.23420981614193e-020 -5.07156184068145e-005 0.000368458144940816
428  0.000155444222201679 0.000156862837951568 0.000376902921632321
429  0.00018313223790706 0.000214024200820328 0.000350633090296781
430  0.000114032216408636 0.000204191890113051 0.000379778622862154
431  0.000166644680593095 0.000300268651118961 0.000311207110074065
432  0.000132511012031655 0.000330896960129954 0.000299251263118668
433  0.000107099427838342 0.000292465987835779 0.000338879709410929
434  6.58688516316983e-005 0.000358289923689333 0.000288912210638469
435  3.03555245485492e-005 0.000363037423926736 0.000288022003487829
436  3.66169460169961e-005 0.000328606653900345 0.000323643776143888
437  -3.03555245485492e-005 0.000363037423926736 0.000288022003487829
438  -6.58688516316983e-005 0.000358289923689333 0.000288912210638469
439  -3.66169460169961e-005 0.000328606653900345 0.000323643776143888
440  -0.000132511012031655 0.000330896960129954 0.000299251263118668
441  -0.000166644680593095 0.000300268651118961 0.000311207110074065
442  -0.000107099427838342 0.000292465987835779 0.000338879709410929
443  -0.00018313223790706 0.000214024200820328 0.000350633090296781
444  -0.000155444222201679 0.000156862837951568 0.000376902921632321
445  -0.000114032216408636 0.00020419189011305 0.000379778622862154