  1   -662 -660 -661   6.52319e-010
  2   -665 -663 -664   6.33951e-010
  3   -668 -666 -667   1.2057e-009
  4   -671 -669 -670   1.80348e-009
  5   -674 -672 -673   1.21508e-009
  6   -677 -675 -676   7.1347e-010
  7   -680 -678 -679   4.94405e-010
  8   -683 -681 -682   7.1347e-010
  9   -686 -684 -685   1.88189e-009
 10   -689 -687 -688   1.80348e-009
 11   -692 -690 -691   1.52214e-009
 12   -695 -693 -694   2.17755e-009
 15   -94 55 91  7.5e-007
 16   -98 -56 95  7.5e-007
 13   -698 -696 -697   5.96456e-010
 14   -701 -699 -700   6.33951e-010
 17   -704 -702 -703   7.5479e-010
 18   -707 -705 -706   6.09312e-010
 19   -710 -708 -709   7.33816e-010
 20   -713 -711 -712   7.5479e-010
 21   -716 -714 -715   1.3011e-009
 22   -719 -717 -718   1.44612e-009
 23   -722 -720 -721   1.46522e-009
 24   -725 -723 -724   2.32555e-009
 25   -728 -726 -727   1.88189e-009
 26   -731 -729 -730   1.93948e-009
 27   -734 -732 -733   1.08864e-009
 28   -737 -735 -736   4.86436e-010
 29   -740 -738 -739   1.02498e-009
 30   -743 -741 -742   2.44595e-010
 31   -746 -744 -745   3.58668e-010
 32   -749 -747 -748   5.82225e-010
 33   -750 -752 427   4.12806e-011
 34   -755 -753 -754   6.18473e-010
 35   -758 -756 -757   5.82225e-010
 36   -761 -759 -760   1.19432e-009
 37   -764 -762 -763   1.1641e-009
 38   -767 -765 -766   1.02498e-009
 39   -770 -769 -291   1.86801e-009
 40   -773 -771 -772   1.44612e-009
 41   -776 -774 -775   1.93948e-009
 42   -779 -777 -778   1.3011e-009
 43   -782 -780 -781   1.2057e-009
 44   -785 -783 -784   1.46522e-009
 45   -788 -786 -787   1.08565e-009
 46   -791 -789 -790   1.08565e-009
 47   -794 -792 -793   1.52214e-009
 48   -797 -795 -796   1.922e-009
 49   -800 -798 -799   2.03243e-009
 50   -803 -801 -802   1.38577e-009
 51   -806 -804 -805   8.70166e-010
 52   -809 -807 -808   8.70166e-010
 53   -812 -810 -811   1.38577e-009
 54   -815 -813 -814   2.03243e-009
 55   50 92 -91  7.5e-0075
 56   56 93 -92  7.5e-0075
 57   54 94 -93  7.5e-0075
 58   51 96 -95  7.5e-0076
 59   52 97 -96  7.5e-0076
 60   53 98 -97  7.5e-0076
 61   -818 -816 -817   7.33816e-010
 62   -821 -819 -820   8.89145e-010
 63   -822 -824 369   7.16744e-010
 64   -827 -825 -826   6.31674e-010
 65   -830 -828 -829   6.95439e-010
 66   -833 -831 -832   5.96754e-010
 67   -836 -834 -835   1.28087e-009
 68   -839 -837 -838   1.12919e-009
 69   -842 -840 -841   1.20537e-009
 70   -845 -843 -844   1.47159e-009
 71   -848 -846 -847   1.80005e-009
 72   -851 -849 -850   1.85438e-009
 73   -854 -852 -853   1.1641e-009
 74   -855 -857 517   1.31679e-009
 75   -858 -860 385   1.2669e-009
 76   -863 -861 -862   7.81657e-010
 77   -866 -864 -865   6.15903e-010
 78   -869 -867 -868   7.35382e-010
 79   -872 -870 -871   4.82716e-010
 80   -875 -873 -874   4.82716e-010
 81   -878 -876 -877   5.00202e-010
 82   -881 -879 -880   6.15903e-010
 83   -884 -882 -883   7.81657e-010
 84   -887 -885 -886   7.35382e-010
 85   -890 -888 -889   2.00686e-009
 86   -893 -891 -892   1.81067e-009
 87   -896 -894 -895   2.02036e-009
 88   -899 -897 -898   1.80005e-009
 89   -902 -900 -901   1.47159e-009
 90   -905 -903 -904   1.85438e-009
 91   -908 -906 -907   1.43551e-009
 92   -911 -909 -910   1.77697e-009
 93   -914 -912 -913   1.30961e-009
 94   -917 -915 -916   2.07781e-009
 95   -920 -918 -919   2.17753e-009
 96   -923 -921 -922   2.17753e-009
 97   -926 -925 540   6.91261e-010
 98   -929 -928 370   6.62496e-010
 99   -932 -930 -931   6.09312e-010
100   -935 -933 -934   5.96754e-010
101   -938 -936 -937   6.95439e-010
102   -941 -939 -940   6.31674e-010
103   -944 -942 -943   7.87575e-010
104   -947 -945 -946   8.85481e-010
105   -950 -948 -949   6.88189e-010
106   -953 -952 549   6.63235e-010
107   -956 -955 374   6.26915e-010
108   -959 -957 -958   5.96456e-010
109   -962 -961 552   7.62969e-010
110   -965 -963 -964   8.89145e-010
111   -968 -966 -967   6.52319e-010
112   -971 -969 -970   8.85481e-010
113   -974 -972 -973   7.87575e-010
114   -977 -975 -976   6.88189e-010
115   -980 -978 -979   1.35559e-009
116   -983 -981 -982   1.23587e-009
117   -986 -984 -985   1.27286e-009
118   -989 -987 -988   1.70215e-009
119   -992 -990 -991   1.44536e-009
120   -995 -993 -994   1.45966e-009
121   -998 -996 -997   1.7494e-009
122   -1001 -999 -1000   1.31491e-009
123   -1004 -1002 -1003   1.4116e-009
124   -1007 -1006 567   2.05662e-009
125   -1010 -1008 -1009   2.34652e-009
126   -1013 -1012 -142   2.00988e-009
127   -1016 -1014 -1015   2.02036e-009
128   -1019 -1017 -1018   1.81067e-009
129   -1022 -1020 -1021   2.00686e-009
130   -1025 -1023 -1024   1.88745e-009
131   -1028 -1026 -1027   2.05146e-009
132   -1031 -1029 -1030   1.96396e-009
133   -1034 -1033 576   1.37354e-009
134   -1037 -1036 386   1.0812e-009
135   -1040 -1038 -1039   1.19432e-009
136   -1043 -1041 -1042   6.18473e-010
137   -1044 -1046 580   7.68397e-010
138   -1047 -1049 389   5.17965e-010
139   -1052 -1050 -1051   9.33765e-010
140   -1055 -1053 -1054   1.20701e-009
141   -1058 -1056 -1057   1.04567e-009
142   -1060 -1059 585   1.10519e-010
143   -1062 -1064 586   1.09251e-010
144   -1067 -1065 -1066   3.8822e-010
145   -1070 -1068 -1069   3.63657e-010
146   -1073 -1071 -1072   3.63657e-010
147   -1076 -1074 -1075   1.54614e-010
148   -1079 -1077 -1078   5.79408e-010
149   -1082 -1080 -1081   7.10002e-010
150   -1085 -1083 -1084   5.67987e-010
151   -1087 -1086 344   4.8586e-011
152   -1091 -1089 -1090   2.44595e-010
153   -1094 -1092 -1093   3.8822e-010
154   -1096 -1095 365   8.28116e-010
155   -1100 -1098 -1099   4.86436e-010
156   -1102 -1101 599   4.98139e-010
157   -1106 -1104 -1105   7.10002e-010
158   -1109 -1107 -1108   5.79408e-010
159   -1112 -1110 -1111   5.67987e-010
160   -1115 -1114 603   1.17877e-009
161   -1118 -1117 398   1.2604e-009
162   -1121 -1119 -1120   1.08864e-009
163   -1124 -1123 606   1.35031e-009
164   -1127 -1126 399   1.29963e-009
165   -1130 -1128 -1129   1.21508e-009
166   -1133 -1131 -1132   1.20701e-009
167   -1136 -1134 -1135   9.33765e-010
168   -1139 -1137 -1138   1.04567e-009
169   -1142 -1140 -1141   2.34652e-009
170   -1145 -1144 402   2.16956e-009
171   -1148 -1146 -1147   2.32555e-009
172   -1151 -1149 -1150   1.44536e-009
173   -1154 -1152 -1153   1.70215e-009
174   -1157 -1155 -1156   1.45966e-009
175   -1160 -1158 -1159   2.05146e-009
176   -1163 -1161 -1162   1.88745e-009
177   -1166 -1164 -1165   1.96396e-009
178   -1169 -1167 -1168   1.23587e-009
179   -1172 -1170 -1171   1.35559e-009
180   -1175 -1173 -1174   1.27286e-009
181   -1178 -1176 -1177   1.20537e-009
182   -1181 -1179 -1180   1.12919e-009
183   -1184 -1182 -1183   1.28087e-009
184   -1187 -1185 -1186   1.31491e-009
185   -1190 -1188 -1189   1.7494e-009
186   -1193 -1191 -1192   1.4116e-009
187   -1196 -1194 -1195   1.0964e-009
188   -1199 -1197 -1198   9.39564e-010
189   -1202 -1200 -1201   1.22664e-009
190   -1205 -1203 -1204   9.39564e-010
191   -1208 -1206 -1207   1.0964e-009
192   -1211 -1209 -1210   1.22664e-009
193   -1214 -1212 -1213   1.30961e-009
194   -1217 -1215 -1216   1.77697e-009
195   -1220 -1218 -1219   1.43551e-009
196   -1223 -1221 -1222   2.00416e-009
197   -1226 -1224 -1225   2.00416e-009
198   -1229 -1227 -1228   1.58664e-009
199   -1232 -1230 -1231   2.0927e-009
200   -1235 -1233 -1234   1.79501e-009
201   -1238 -1236 -1237   1.90577e-009
202   -1241 -1239 -1240   1.50121e-009
203   -1244 -1242 -1243   1.03219e-009
204   -1247 -1245 -1246   1.52441e-009
205   -1250 -1248 -1249   8.51426e-010
206   -1253 -1251 -1252   6.80386e-010
207   -1256 -1254 -1255   1.16263e-009
208   -1259 -1257 -1258   6.80386e-010
209   -1262 -1260 -1261   8.51426e-010
210   -1265 -1263 -1264   1.16263e-009
211   -1268 -1266 -1267   1.03219e-009
212   -1271 -1269 -1270   1.50121e-009
213   -1274 -1272 -1273   1.52441e-009
214   -1277 -1275 -1276   1.79501e-009
215   -1280 -1278 -1279   2.0927e-009
216   -1283 -1281 -1282   1.90577e-009
217   -504 660 452   6.64019e-010
218   -182 -506 661   7.42025e-010
219   662 -184 130   6.51234e-010
220   -509 663 -186   6.24965e-010
221   -187 -507 664   6.27221e-010
222   665 -185 -508   6.43834e-010
223   -512 666 -189   1.14526e-009
224   -190 -510 667   1.25421e-009
225   668 -188 -511   1.26026e-009
226   -515 669 -192   1.80294e-009
227   -193 -513 670   1.65801e-009
228   671 -191 -514   1.64913e-009
229   -516 672 468   1.22194e-009
230   -194 -518 673   1.29846e-009
231   674 -196 146   1.20496e-009
232   -521 675 -198   6.61357e-010
233   -199 -519 676   7.65273e-010
234   677 -197 -520   7.07568e-010
235   -524 678 -201   4.89832e-010
236   -202 -522 679   4.89832e-010
237   680 -200 -523   4.4415e-010
238   -527 681 -204   7.65273e-010
239   -205 -525 682   6.61357e-010
240   683 -203 -526   7.07568e-010
241   -530 684 -207   1.83668e-009
242   -208 -528 685   1.8956e-009
243   686 -206 -529   1.89867e-009
244   -533 687 -210   1.65801e-009
245   -211 -531 688   1.80294e-009
246   689 -209 -532   1.64913e-009
247   -536 690 -213   1.53458e-009
248   -214 -534 691   1.41419e-009
249   692 -212 -535   1.62757e-009
250   -539 693 -216   2.17306e-009
251   -217 -537 694   2.17249e-009
252   695 -215 -538   2.17249e-009
253   -542 696 453   6.49349e-010
254   -220 -541 697   6.54192e-010
255   698 -219 131   6.03503e-010
256   -545 699 -222   6.43834e-010
257   -223 -543 700   6.27221e-010
258   701 -221 -544   6.24965e-010
259   -548 702 -225   7.1719e-010
260   -226 -546 703   7.13978e-010
261   704 -224 -547   8.25456e-010
262   -551 705 457   6.16581e-010
263   -229 -550 706   6.18949e-010
264   707 -228 135   6.00741e-010
265   -554 708 458   6.92965e-010
266   -232 -553 709   8.40225e-010
267   710 -231 136   6.8861e-010
268   -557 711 -234   7.13978e-010
269   -235 -555 712   7.1719e-010
270   713 -233 -556   8.25456e-010
271   -560 714 -237   1.30035e-009
272   -238 -558 715   1.29337e-009
273   716 -236 -559   1.32849e-009
274   -563 717 -240   1.47972e-009
275   -241 -561 718   1.81744e-009
276   719 -239 -562   1.61518e-009
277   -566 720 -243   1.41255e-009
278   -244 -564 721   1.57511e-009
279   722 -242 -565   1.52193e-009
280   -569 723 465   2.17488e-009
281   -247 -568 724   2.54083e-009
282   725 -246 143   1.99548e-009
283   -572 726 -249   1.89867e-009
284   -250 -570 727   1.8956e-009
285   728 -248 -571   1.83668e-009
286   -575 729 -252   1.98447e-009
287   -253 -573 730   1.97102e-009
288   731 -251 -574   2.00495e-009
289   -578 732 469   1.24452e-009
290   -256 -577 733   1.18043e-009
291   734 -255 147   1.0957e-009
292   -579 735 472   5.65826e-010
293   -257 -581 736   6.23039e-010
294   737 -259 150   4.83161e-010
295   -584 738 -261   1.14123e-009
296   -262 -582 739   9.54607e-010
297   740 -260 -583   1.11093e-009
298   -585 741 -59   2.93179e-010
299   -263 -587 742   2.70199e-010
300   743 -265 -389   3.22912e-010
301   -590 744 -267   2.58465e-010
302   -268 -588 745   2.58465e-010
303   746 -266 -589   3.34008e-010
304   -593 747 -270   6.34383e-010
305   -271 -591 748   5.74661e-010
306   749 -269 -592   6.58178e-010
307   750 -595 -751   1.10519e-010
308   -273 -594 751   1.25831e-010
309   752 -272 105   4.12806e-011
310   -598 753 448   6.05911e-010
311   -276 -597 754   7.13761e-010
312   755 -275 126   6.42567e-010
313   -602 756 -279   5.74661e-010
314   -280 -600 757   6.34383e-010
315   758 -278 -601   6.58178e-010
316   -605 759 481   1.22227e-009
317   -283 -604 760   1.21907e-009
318   761 -282 159   1.20386e-009
319   -608 762 482   1.26503e-009
320   -286 -607 763   1.32054e-009
321   764 -285 160   1.19156e-009
322   -611 765 -288   9.54607e-010
323   -289 -609 766   1.14123e-009
324   767 -287 -610   1.11093e-009
325   -614 768 485   1.92703e-009
326   -292 -613 769   2.04036e-009
327   770 163 -768   2.00988e-009
328   -617 771 -294   1.81744e-009
329   -295 -615 772   1.47972e-009
330   773 -293 -616   1.61518e-009
331   -620 774 -297   1.97102e-009
332   -298 -618 775   1.98447e-009
333   776 -296 -619   2.00495e-009
334   -623 777 -300   1.29337e-009
335   -301 -621 778   1.30035e-009
336   779 -299 -622   1.32849e-009
337   -626 780 -303   1.26026e-009
338   -304 -624 781   1.25421e-009
339   782 -302 -625   1.14526e-009
340   -629 783 -306   1.57511e-009
341   -307 -627 784   1.41255e-009
342   785 -305 -628   1.52193e-009
343   -632 786 -309   1.10112e-009
344   -310 -630 787   1.19704e-009
345   788 -308 -631   1.01639e-009
346   -635 789 -312   1.19704e-009
347   -313 -633 790   1.10112e-009
348   791 -311 -634   1.01639e-009
349   -638 792 -315   1.62757e-009
350   -316 -636 793   1.41419e-009
351   794 -314 -637   1.53458e-009
352   -641 795 -318   1.82056e-009
353   -319 -639 796   1.82056e-009
354   797 -317 -640   2.00751e-009
355   -644 798 -321   1.8603e-009
356   -322 -642 799   2.04352e-009
357   800 -320 -643   1.97912e-009
358   -647 801 -324   1.25923e-009
359   -325 -645 802   1.54253e-009
360   803 -323 -646   1.28306e-009
361   -650 804 -327   8.83931e-010
362   -328 -648 805   1.00195e-009
363   806 -326 -649   7.91345e-010
364   -653 807 -330   1.00195e-009
365   -331 -651 808   8.83931e-010
366   809 -329 -652   7.91345e-010
367   -656 810 -333   1.54253e-009
368   -334 -654 811   1.25923e-009
369   812 -332 -655   1.28306e-009
370   -659 813 -336   2.04352e-009
371   -337 -657 814   1.8603e-009
372   815 -335 -658   1.97912e-009
373   182 816 -183   8.40225e-010
374   504 -455 817   6.92965e-010
375   818 -133 -505   6.8861e-010
376   -372 819 505   7.61798e-010
377   -35 -441 820   9.61133e-010
378   821 -119 183   9.65233e-010
379   822 184 -823   7.62969e-010
380   506 -358 823   8.87984e-010
381   824 -21 32   8.35795e-010
382   -459 825 456   6.31963e-010
383   -137 185 826   6.40656e-010
384   827 507 134   6.25608e-010
385   -376 828 508   6.87631e-010
386   -39 -442 829   7.4404e-010
387   830 -120 186   6.67744e-010
388   187 831 373   5.89384e-010
389   509 -359 832   6.2682e-010
390   833 -22 36   6.39623e-010
391   -463 834 460   1.17497e-009
392   -141 188 835   1.23844e-009
393   836 510 138   1.23568e-009
394   -380 837 511   1.20869e-009
395   -43 -443 838   1.11263e-009
396   839 -121 189   1.09469e-009
397   190 840 377   1.2406e-009
398   512 -360 841   1.14537e-009
399   842 -23 40   1.28803e-009
400   -444 843 462   1.36102e-009
401   -122 191 844   1.5737e-009
402   845 513 140   1.59625e-009
403   -361 846 514   1.77374e-009
404   -24 -467 847   1.93968e-009
405   848 -145 192   1.94592e-009
406   193 849 379   1.7889e-009
407   515 -384 850   1.94547e-009
408   851 -47 42   2.03831e-009
409   194 852 -195   1.32054e-009
410   516 -471 853   1.26503e-009
411   854 -149 -517   1.19156e-009
412   855 -388 -856   1.29963e-009
413   -58 -445 856   1.40333e-009
414   857 -123 195   1.52535e-009
415   858 196 -859   1.35031e-009
416   518 -362 859   1.50425e-009
417   860 -25 48   1.41225e-009
418   -446 861 470   8.73575e-010
419   -124 197 862   7.27014e-010
420   863 519 148   8.4246e-010
421   -363 864 520   6.63734e-010
422   -26 -475 865   5.85644e-010
423   866 -153 198   6.1912e-010
424   199 867 387   8.01674e-010
425   521 -392 868   6.94988e-010
426   869 -62 57   7.46009e-010
427   -447 870 474   5.41984e-010
428   -125 200 871   4.69132e-010
429   872 522 152   5.16361e-010
430   -364 873 523   4.69132e-010
431   -27 -479 874   5.41984e-010
432   875 -157 201   5.16361e-010
433   202 876 391   5.14206e-010
434   524 -396 877   5.14206e-010
435   878 -66 61   5.11595e-010
436   -448 879 478   5.85644e-010
437   -126 203 880   6.63734e-010
438   881 525 156   6.1912e-010
439   -365 882 526   7.27014e-010
440   -28 -483 883   8.73575e-010
441   884 -161 204   8.4246e-010
442   205 885 395   6.94988e-010
443   527 -400 886   8.01674e-010
444   887 -70 65   7.46009e-010
445   -487 888 484   1.87503e-009
446   -165 206 889   1.84983e-009
447   890 528 162   1.84933e-009
448   -404 891 529   1.83027e-009
449   -74 -449 892   1.74213e-009
450   893 -127 207   1.81382e-009
451   208 894 401   1.82453e-009
452   530 -366 895   1.83667e-009
453   896 -29 71   2.08903e-009
454   -450 897 486   1.93968e-009
455   -128 209 898   1.77374e-009
456   899 531 164   1.94592e-009
457   -367 900 532   1.5737e-009
458   -30 -491 901   1.36102e-009
459   902 -169 210   1.59625e-009
460   211 903 403   1.94547e-009
461   533 -408 904   1.7889e-009
462   905 -78 73   2.03831e-009
463   -496 906 492   1.28333e-009
464   -174 212 907   1.5417e-009
465   908 534 170   1.34171e-009
466   -413 909 535   1.7436e-009
467   -83 20 910   1.93182e-009
468   911 357 213   1.64352e-009
469   214 912 409   1.29978e-009
470   536 118 913   1.41182e-009
471   914 440 79   1.20392e-009
472   -503 915 497   1.87293e-009
473   -181 215 916   2.03995e-009
474   917 537 175   2.03995e-009
475   -420 918 538   2.12743e-009
476   -90 -451 919   2.17316e-009
477   920 -129 216   2.15209e-009
478   217 921 414   2.12743e-009
479   539 -368 922   2.15209e-009
480   923 -31 84   2.17316e-009
481   1 924 -32   7.36657e-010
482   338 218 925   7.30135e-010
483   926 -369 -924   6.26915e-010
484   99 927 541   7.45213e-010
485   421 33 928   7.36498e-010
486   929 219 -927   6.63235e-010
487   220 930 -218   6.18949e-010
488   542 -452 931   6.16581e-010
489   932 -130 -540   6.00741e-010
490   22 933 -33   6.39623e-010
491   359 221 934   6.2682e-010
492   935 543 -370   5.89384e-010
493   120 936 544   6.67744e-010
494   442 34 937   7.4404e-010
495   938 371 222   6.87631e-010
496   223 939 -131   6.25608e-010
497   545 132 940   6.40656e-010
498   941 454 -453   6.31963e-010
499   -431 942 -34   7.89491e-010
500   -109 224 943   8.41728e-010
501   944 546 -371   7.25752e-010
502   -348 945 547   8.74545e-010
503   -11 35 946   9.51128e-010
504   947 372 225   7.38875e-010
505   226 948 -132   6.69758e-010
506   548 133 949   6.71757e-010
507   950 455 -454   6.53982e-010
508   2 951 -36   7.36498e-010
509   339 227 952   7.45213e-010
510   953 -373 -951   6.62496e-010
511   100 954 550   7.30135e-010
512   422 37 955   7.36657e-010
513   956 228 -954   6.91261e-010
514   229 957 -227   6.54192e-010
515   551 -456 958   6.49349e-010
516   959 -134 -549   6.03503e-010
517   23 960 -37   8.35795e-010
518   360 230 961   8.87984e-010
519   962 -374 -960   7.16744e-010
520   121 963 553   9.65233e-010
521   443 38 964   9.61133e-010
522   965 375 231   7.61798e-010
523   232 966 -230   7.42025e-010
524   554 -457 967   6.64019e-010
525   968 -135 -552   6.51234e-010
526   -432 969 -38   9.51128e-010
527   -110 233 970   8.74545e-010
528   971 555 -375   7.38875e-010
529   -349 972 556   8.41728e-010
530   -12 39 973   7.89491e-010
531   974 376 234   7.25752e-010
532   235 975 -136   6.71757e-010
533   557 137 976   6.69758e-010
534   977 459 -458   6.53982e-010
535   3 978 -40   1.41943e-009
536   340 236 979   1.39494e-009
537   980 558 -377   1.33818e-009
538   101 981 559   1.26383e-009
539   423 41 982   1.03389e-009
540   983 378 237   1.24728e-009
541   238 984 -138   1.30221e-009
542   560 139 985   1.3212e-009
543   986 461 -460   1.25507e-009
544   24 987 464   1.59719e-009
545   361 239 988   1.56376e-009
546   989 561 142   1.65234e-009
547   122 990 562   1.41701e-009
548   444 -461 991   1.19034e-009
549   992 -139 240   1.29707e-009
550   241 993 381   1.54674e-009
551   563 -378 994   1.31719e-009
552   995 -41 44   1.28069e-009
553   -433 996 -42   1.88058e-009
554   -111 242 997   1.59819e-009
555   998 564 -379   1.65833e-009
556   -350 999 565   1.37171e-009
557   -13 43 1000   1.1509e-009
558   1001 380 243   1.26162e-009
559   244 1002 -140   1.47836e-009
560   566 141 1003   1.30597e-009
561   1004 463 -462   1.2442e-009
562   4 1005 -44   2.20722e-009
563   341 245 1006   2.24202e-009
564   1007 -381 -1005   2.16956e-009
565   102 1008 568   2.59971e-009
566   424 45 1009   2.50253e-009
567   1010 382 246   2.11617e-009
568   247 1011 -245   2.04036e-009
569   569 -464 1012   1.92703e-009
570   1013 -567 -1011   1.86801e-009
571   25 1014 -45   2.08903e-009
572   362 248 1015   1.83667e-009
573   1016 570 -382   1.82453e-009
574   123 1017 571   1.81382e-009
575   445 46 1018   1.74213e-009
576   1019 383 249   1.83027e-009
577   250 1020 -143   1.84933e-009
578   572 144 1021   1.84983e-009
579   1022 466 -465   1.87503e-009
580   -434 1023 -46   1.60926e-009
581   -112 251 1024   1.83214e-009
582   1025 573 -383   1.78205e-009
583   -351 1026 574   1.96413e-009
584   -14 47 1027   2.06476e-009
585   1028 384 252   1.95101e-009
586   253 1029 -144   1.89858e-009
587   575 145 1030   1.94826e-009
588   1031 467 -466   1.93689e-009
589   5 1032 -48   1.39783e-009
590   342 254 1033   1.46191e-009
591   1034 -385 -1032   1.2604e-009
592   103 1035 577   1.41819e-009
593   425 49 1036   1.07103e-009
594   1037 255 -1035   1.17877e-009
595   256 1038 -254   1.21907e-009
596   578 -468 1039   1.22227e-009
597   1040 -146 -576   1.20386e-009
598   257 1041 -258   7.13761e-010
599   579 26 1042   6.05911e-010
600   1043 363 -580   6.42567e-010
601   1044 124 -1045   8.28116e-010
602   446 -469 1045   9.48322e-010
603   1046 -147 258   8.98836e-010
604   1047 259 -1048   4.98139e-010
605   581 -386 1048   7.08013e-010
606   1049 -49 59   5.79811e-010
607   -435 1050 -57   7.79333e-010
608   -113 260 1051   1.00222e-009
609   1052 582 -387   8.6879e-010
610   -352 1053 583   1.17751e-009
611   -15 58 1054   1.26356e-009
612   1055 388 261   1.10708e-009
613   262 1056 -148   9.22906e-010
614   584 149 1057   1.10655e-009
615   1058 471 -470   1.08372e-009
616   263 1059 -264   1.25831e-010
617   1060 6 -1061   4.12806e-011
618   1061 343 -586   4.12806e-011
619   1062 104 -1063   4.8586e-011
620   426 60 1063   4.8586e-011
621   1064 390 264   1.35038e-010
622   265 1065 -150   3.17519e-010
623   587 151 1066   2.67989e-010
624   1067 473 -472   3.98527e-010
625   27 1068 476   4.70463e-010
626   364 266 1069   4.28516e-010
627   1070 588 154   3.58448e-010
628   125 1071 589   4.28516e-010
629   447 -473 1072   4.70463e-010
630   1073 -151 267   3.58448e-010
631   268 1074 393   2.84254e-010
632   590 -390 1075   2.84254e-010
633   1076 -60 63   1.92726e-010
634   -436 1077 -61   5.09624e-010
635   -114 269 1078   5.99139e-010
636   1079 591 -391   5.22833e-010
637   -353 1080 592   6.69405e-010
638   -16 62 1081   6.88138e-010
639   1082 392 270   6.42349e-010
640   271 1083 -152   5.31283e-010
641   593 153 1084   5.86891e-010
642   1085 475 -474   5.51678e-010
643   7 1086 -63   4.8586e-011
644   1087 272 -1088   1.09251e-010
645   1088 594 -393   1.35038e-010
646   273 1089 -274   2.70199e-010
647   595 64 1090   2.93179e-010
648   1091 394 -596   3.22912e-010
649   274 1092 -154   2.67989e-010
650   596 155 1093   3.17519e-010
651   1094 477 -476   3.98527e-010
652   28 1095 480   9.48322e-010
653   1096 275 -1097   7.68397e-010
654   1097 597 158   8.98836e-010
655   276 1098 -277   6.23039e-010
656   598 -477 1099   5.65826e-010
657   1100 -155 -599   4.83161e-010
658   277 1101 397   7.08013e-010
659   1102 -394 -1103   5.17965e-010
660   1103 -64 67   5.79811e-010
661   -437 1104 -65   6.88138e-010
662   -115 278 1105   6.69405e-010
663   1106 600 -395   6.42349e-010
664   -354 1107 601   5.99139e-010
665   -17 66 1108   5.09624e-010
666   1109 396 279   5.22833e-010
667   280 1110 -156   5.86891e-010
668   602 157 1111   5.31283e-010
669   1112 479 -478   5.51678e-010
670   8 1113 -67   1.07103e-009
671   345 281 1114   1.41819e-009
672   1115 -397 -1113   1.0812e-009
673   106 1116 604   1.46191e-009
674   428 68 1117   1.39783e-009
675   1118 282 -1116   1.37354e-009
676   283 1119 -281   1.18043e-009
677   605 -480 1120   1.24452e-009
678   1121 -158 -603   1.0957e-009
679   29 1122 -68   1.41225e-009
680   366 284 1123   1.50425e-009
681   1124 -398 -1122   1.2669e-009
682   127 1125 607   1.52535e-009
683   449 69 1126   1.40333e-009
684   1127 285 -1125   1.31679e-009
685   286 1128 -284   1.29846e-009
686   608 -481 1129   1.22194e-009
687   1130 -159 -606   1.20496e-009
688   -438 1131 -69   1.26356e-009
689   -116 287 1132   1.17751e-009
690   1133 609 -399   1.10708e-009
691   -355 1134 610   1.00222e-009
692   -18 70 1135   7.79333e-010
693   1136 400 288   8.6879e-010
694   289 1137 -160   1.10655e-009
695   611 161 1138   9.22906e-010
696   1139 483 -482   1.08372e-009
697   9 1140 -71   2.50253e-009
698   346 290 1141   2.59971e-009
699   1142 612 -401   2.11617e-009
700   107 1143 613   2.24202e-009
701   429 72 1144   2.20722e-009
702   1145 291 -1143   2.05662e-009
703   292 1146 -290   2.54083e-009
704   614 -484 1147   2.17488e-009
705   1148 -162 -612   1.99548e-009
706   30 1149 488   1.19034e-009
707   367 293 1150   1.41701e-009
708   1151 615 166   1.29707e-009
709   128 1152 616   1.56376e-009
710   450 -485 1153   1.59719e-009
711   1154 -163 294   1.65234e-009
712   295 1155 405   1.31719e-009
713   617 -402 1156   1.54674e-009
714   1157 -72 75   1.28069e-009
715   -439 1158 -73   2.06476e-009
716   -117 296 1159   1.96413e-009
717   1160 618 -403   1.95101e-009
718   -356 1161 619   1.83214e-009
719   -19 74 1162   1.60926e-009
720   1163 404 297   1.78205e-009
721   298 1164 -164   1.94826e-009
722   620 165 1165   1.89858e-009
723   1166 487 -486   1.93689e-009
724   10 1167 -75   1.03389e-009
725   347 299 1168   1.26383e-009
726   1169 621 -405   1.24728e-009
727   108 1170 622   1.39494e-009
728   430 76 1171   1.41943e-009
729   1172 406 300   1.33818e-009
730   301 1173 -166   1.3212e-009
731   623 167 1174   1.30221e-009
732   1175 489 -488   1.25507e-009
733   21 1176 -76   1.28803e-009
734   358 302 1177   1.14537e-009
735   1178 624 -406   1.2406e-009
736   119 1179 625   1.09469e-009
737   441 77 1180   1.11263e-009
738   1181 407 303   1.20869e-009
739   304 1182 -167   1.23568e-009
740   626 168 1183   1.23844e-009
741   1184 490 -489   1.17497e-009
742   -440 1185 -77   1.1509e-009
743   -118 305 1186   1.37171e-009
744   1187 627 -407   1.26162e-009
745   -357 1188 628   1.59819e-009
746   -20 78 1189   1.88058e-009
747   1190 408 306   1.65833e-009
748   307 1191 -168   1.30597e-009
749   629 169 1192   1.47836e-009
750   1193 491 -490   1.2442e-009
751   11 1194 -79   1.09011e-009
752   348 308 1195   1.00447e-009
753   1196 630 -409   1.18448e-009
754   109 1197 631   9.25183e-010
755   431 80 1198   8.60095e-010
756   1199 410 309   9.95298e-010
757   310 1200 -170   1.22767e-009
758   632 171 1201   1.12486e-009
759   1202 493 -492   1.18532e-009
760   12 1203 -80   8.60095e-010
761   349 311 1204   9.25183e-010
762   1205 633 -410   9.95298e-010
763   110 1206 634   1.00447e-009
764   432 81 1207   1.09011e-009
765   1208 411 312   1.18448e-009
766   313 1209 -171   1.12486e-009
767   635 172 1210   1.22767e-009
768   1211 494 -493   1.18532e-009
769   13 1212 -81   1.20392e-009
770   350 314 1213   1.41182e-009
771   1214 636 -411   1.29978e-009
772   111 1215 637   1.64352e-009
773   433 82 1216   1.93182e-009
774   1217 412 315   1.7436e-009
775   316 1218 -172   1.34171e-009
776   638 173 1219   1.5417e-009
777   1220 495 -494   1.28333e-009
778   31 1221 -82   2.09481e-009
779   368 317 1222   2.08297e-009
780   1223 639 -412   1.87092e-009
781   129 1224 640   2.08297e-009
782   451 83 1225   2.09481e-009
783   1226 413 318   1.87092e-009
784   319 1227 -173   1.6549e-009
785   641 174 1228   1.6549e-009
786   1229 496 -495   1.36826e-009
787   14 1230 -84   2.1414e-009
788   351 320 1231   2.05048e-009
789   1232 642 -414   2.11148e-009
790   112 1233 643   1.9302e-009
791   434 85 1234   1.75924e-009
792   1235 415 321   1.8306e-009
793   322 1236 -175   2.03533e-009
794   644 176 1237   1.8721e-009
795   1238 498 -497   1.90755e-009
796   15 1239 -85   1.51908e-009
797   352 323 1240   1.33177e-009
798   1241 645 -415   1.6125e-009
799   113 1242 646   1.12572e-009
800   435 86 1243   8.92104e-010
801   1244 416 324   1.11666e-009
802   325 1245 -176   1.64406e-009
803   647 177 1246   1.34033e-009
804   1247 499 -498   1.63788e-009
805   16 1248 -86   7.63383e-010
806   353 326 1249   7.49011e-010
807   1250 648 -416   9.52484e-010
808   114 1251 649   6.7957e-010
809   436 87 1252   5.77059e-010
810   1253 417 327   7.63403e-010
811   328 1254 -177   1.1296e-009
812   650 178 1255   9.94493e-010
813   1256 500 -499   1.33974e-009
814   17 1257 -87   5.77059e-010
815   354 329 1258   6.7957e-010
816   1259 651 -417   7.63403e-010
817   115 1260 652   7.49011e-010
818   437 88 1261   7.63383e-010
819   1262 418 330   9.52484e-010
820   331 1263 -178   9.94493e-010
821   653 179 1264   1.1296e-009
822   1265 501 -500   1.33974e-009
823   18 1266 -88   8.92104e-010
824   355 332 1267   1.12572e-009
825   1268 654 -418   1.11666e-009
826   116 1269 655   1.33177e-009
827   438 89 1270   1.51908e-009
828   1271 419 333   1.6125e-009
829   334 1272 -179   1.34033e-009
830   656 180 1273   1.64406e-009
831   1274 502 -501   1.63788e-009
832   19 1275 -89   1.75924e-009
833   356 335 1276   1.9302e-009
834   1277 657 -419   1.8306e-009
835   117 1278 658   2.05048e-009
836   439 90 1279   2.1414e-009
837   1280 420 336   2.11148e-009
838   337 1281 -180   1.8721e-009
839   659 181 1282   2.03533e-009
840   1283 503 -502   1.90755e-009